[gd_scene load_steps=4 format=3 uid="uid://oxscjy4f1nf"]

[ext_resource type="PackedScene" uid="uid://dsd0d27t5dye3" path="res://assets/characters/low_poly_medieval_people/base_character_animation_template.tscn" id="1_5yhvv"]
[ext_resource type="ArrayMesh" uid="uid://lhl2mpmtq26g" path="res://assets/characters/low_poly_medieval_people/city_dwellers_1_mesh.tres" id="1_8bkxi"]

[sub_resource type="Skin" id="Skin_nsr8t"]
resource_name = "Skin"
bind_count = 41
bind/0/name = &"Root"
bind/0/bone = -1
bind/0/pose = Transform3D(-1, 8.3106e-14, 1.50996e-07, 1.65921e-16, 1, -5.49288e-07, -1.50996e-07, -5.49288e-07, -1, 2.52678e-10, 2.31848e-11, -8.49802e-13)
bind/1/name = &"Pelvis"
bind/1/bone = -1
bind/1/pose = Transform3D(-1, 1.30626e-08, 8.64413e-08, 3.80077e-15, 0.988774, -0.149419, -8.74228e-08, -0.149419, -0.988774, 1.38214e-10, -0.00866437, 0.00130932)
bind/2/name = &"Spine_01"
bind/2/bone = -1
bind/2/pose = Transform3D(-1, -4.3447e-09, 8.73147e-08, 8.31806e-15, 0.998764, 0.0496977, -8.74227e-08, 0.0496976, -0.998764, 3.07993e-10, -0.00977059, -0.000641668)
bind/3/name = &"Spine_02"
bind/3/bone = -1
bind/3/pose = Transform3D(-1, 1.10442e-08, 8.67223e-08, 7.82897e-15, 0.991988, -0.126331, -8.74227e-08, -0.126331, -0.991988, 1.56639e-10, -0.0115186, 0.00140128)
bind/4/name = &"Spine_03"
bind/4/bone = -1
bind/4/pose = Transform3D(-1, 3.46565e-09, 8.73541e-08, 5.72192e-15, 0.999214, -0.0396424, -8.74228e-08, -0.0396424, -0.999214, 2.25192e-10, -0.0135531, 0.000224277)
bind/5/name = &"Neck_01"
bind/5/bone = -1
bind/5/pose = Transform3D(-1, -1.15523e-08, 8.66561e-08, 5.58823e-15, 0.99123, 0.132144, -8.74227e-08, 0.132144, -0.99123, 4.54732e-10, -0.0144911, -0.00229245)
bind/6/name = &"Head"
bind/6/bone = -1
bind/6/pose = Transform3D(-1, -1.15523e-08, 8.66561e-08, 2.47571e-15, 0.99123, 0.132143, -8.74227e-08, 0.132143, -0.99123, 4.65192e-10, -0.0153871, -0.00229244)
bind/7/name = &"Clavicle_L"
bind/7/bone = -1
bind/7/pose = Transform3D(0.0170018, 0.999855, -1.01255e-06, 0.88923, -0.0151212, -0.457211, -0.457145, 0.0077725, -0.889358, -0.0141084, -0.000380997, 0.000363245)
bind/8/name = &"Upperarm_L"
bind/8/bone = -1
bind/8/pose = Transform3D(0.0579673, 0.998318, -1.46647e-06, 0.937675, -0.0544466, -0.343221, -0.342643, 0.0198942, -0.939255, -0.0141666, -0.00122425, -5.42466e-05)
bind/9/name = &"Lowerarm_L"
bind/9/bone = -1
bind/9/pose = Transform3D(0.000189302, 1, -4.70813e-07, 0.999798, -0.000189255, 0.0200958, 0.0200958, -4.2749e-06, -0.999798, -0.0139693, -0.00379567, -0.0012328)
bind/10/name = &"Hand_L"
bind/10/bone = -1
bind/10/pose = Transform3D(0.325491, 0.945545, -6.98676e-06, 0.58933, -0.202863, 0.782008, 0.739422, -0.254541, -0.623268, -0.0153001, -9.21192e-05, -0.00188653)
bind/11/name = &"Thumb_01_L"
bind/11/bone = -1
bind/11/pose = Transform3D(0.231236, 0.972898, 2.21614e-06, 0.830278, -0.197339, 0.521244, 0.507118, -0.120528, -0.853408, -0.0150442, -0.00249591, -0.00233911)
bind/12/name = &"Thumb_02_L"
bind/12/bone = -1
bind/12/pose = Transform3D(0.50426, 0.863552, 1.91124e-06, 0.832795, -0.4863, 0.264508, 0.228417, -0.133379, -0.964383, -0.0154876, 0.00086807, -0.000222193)
bind/13/name = &"Thumb_03_L"
bind/13/bone = -1
bind/13/pose = Transform3D(0.504233, 0.863567, 1.3433e-05, 0.832809, -0.486277, 0.264507, 0.228426, -0.133362, -0.964383, -0.0154877, 0.000733362, -0.000222491)
bind/14/name = &"Index_01_L"
bind/14/bone = -1
bind/14/pose = Transform3D(0.0711134, 0.997468, -2.06126e-06, 0.983076, -0.070087, 0.169261, 0.168832, -0.0120387, -0.985571, -0.0144958, -0.00609894, -0.00189492)
bind/15/name = &"Index_02_L"
bind/15/bone = -1
bind/15/pose = Transform3D(0.271994, 0.962299, -5.60731e-06, 0.953198, -0.269421, 0.137209, 0.132035, -0.0373254, -0.990542, -0.0155333, -0.00338004, -0.00126492)
bind/16/name = &"Index_03_L"
bind/16/bone = -1
bind/16/pose = Transform3D(0.271955, 0.96231, 4.40627e-05, 0.953207, -0.269389, 0.137206, 0.132047, -0.037272, -0.990542, -0.0155331, -0.00364914, -0.00126576)
bind/17/name = &"Ring_01_L"
bind/17/bone = -1
bind/17/pose = Transform3D(0.0872079, 0.99619, 2.31989e-06, 0.992, -0.0868409, -0.091623, -0.0912737, 0.00799255, -0.995794, -0.0145512, -0.00613446, -0.000693769)
bind/18/name = &"Ring_02_L"
bind/18/bone = -1
bind/18/pose = Transform3D(0.145983, 0.989287, 2.16926e-05, 0.988912, -0.145927, -0.0275432, -0.027245, 0.00404229, -0.999621, -0.0149035, -0.00554821, -0.00113226)
bind/19/name = &"Ring_03_L"
bind/19/bone = -1
bind/19/pose = Transform3D(0.146016, 0.989282, -1.17267e-05, 0.988907, -0.145961, -0.0275445, -0.027251, 0.00401034, -0.999621, -0.0149037, -0.00579594, -0.00113177)
bind/20/name = &"Clavicle_R"
bind/20/bone = -1
bind/20/pose = Transform3D(0.0169979, -0.999855, 9.27623e-07, -0.88923, -0.0151176, -0.457211, 0.457145, 0.0077708, -0.889358, 0.0141084, -0.000381045, 0.000363269)
bind/21/name = &"Upperarm_R"
bind/21/bone = -1
bind/21/pose = Transform3D(0.0579757, -0.998318, -2.72328e-07, -0.937675, -0.0544539, -0.343222, 0.342644, 0.0198988, -0.939254, 0.0141667, -0.00122415, -5.43101e-05)
bind/22/name = &"Lowerarm_R"
bind/22/bone = -1
bind/22/pose = Transform3D(0.000191582, -1, -1.05719e-08, -0.999798, -0.000191543, 0.0200964, -0.0200964, -3.83953e-06, -0.999798, 0.0139693, -0.00379563, -0.00123281)
bind/23/name = &"Hand_R"
bind/23/bone = -1
bind/23/pose = Transform3D(0.325405, -0.945574, -4.79998e-06, -0.589347, -0.202819, 0.782006, -0.739446, -0.254466, -0.62327, 0.0153, -9.28397e-05, -0.00188772)
bind/24/name = &"Thumb_01_R"
bind/24/bone = -1
bind/24/pose = Transform3D(0.23134, -0.972873, -1.42324e-07, -0.830261, -0.197428, 0.521238, -0.507098, -0.120583, -0.853411, 0.0150446, -0.00249456, -0.00233822)
bind/25/name = &"Thumb_02_R"
bind/25/bone = -1
bind/25/pose = Transform3D(0.504197, -0.863588, -1.61542e-05, -0.832829, -0.486244, 0.264506, -0.228432, -0.13335, -0.964384, 0.0154877, 0.000867047, -0.000222703)
bind/26/name = &"Thumb_03_R"
bind/26/bone = -1
bind/26/pose = Transform3D(0.504228, -0.863571, -1.24017e-06, -0.832813, -0.486269, 0.264508, -0.228422, -0.133371, -0.964383, 0.0154877, 0.00073322, -0.000222334)
bind/27/name = &"Index_01_R"
bind/27/bone = -1
bind/27/pose = Transform3D(0.0712606, -0.997458, 1.262e-06, -0.983066, -0.0702322, 0.169262, -0.168832, -0.0120629, -0.985571, 0.0144968, -0.00609683, -0.00189458)
bind/28/name = &"Index_02_R"
bind/28/bone = -1
bind/28/pose = Transform3D(0.271784, -0.962358, -1.8566e-06, -0.953256, -0.269214, 0.137212, -0.132048, -0.0372904, -0.990542, 0.0155325, -0.00338338, -0.00126551)
bind/29/name = &"Index_03_R"
bind/29/bone = -1
bind/29/pose = Transform3D(0.271788, -0.962357, 1.15108e-05, -0.953256, -0.269216, 0.137209, -0.132041, -0.0373029, -0.990542, 0.0155325, -0.00365192, -0.00126529)
bind/30/name = &"Ring_01_R"
bind/30/bone = -1
bind/30/pose = Transform3D(0.087193, -0.996191, 7.41778e-07, -0.992002, -0.0868264, -0.09161, 0.0912612, 0.00798702, -0.995795, 0.0145511, -0.00613466, -0.000693784)
bind/31/name = &"Ring_02_R"
bind/31/bone = -1
bind/31/pose = Transform3D(0.146267, -0.989245, -7.91888e-06, -0.988869, -0.146211, -0.0275533, 0.0272558, 0.00403797, -0.99962, 0.0149051, -0.00554393, -0.00113211)
bind/32/name = &"Ring_03_R"
bind/32/bone = -1
bind/32/pose = Transform3D(0.146286, -0.989242, 5.29004e-06, -0.988867, -0.146231, -0.0275551, 0.0272595, 0.00402571, -0.99962, 0.0149052, -0.00579188, -0.00113191)
bind/33/name = &"Thigh_L"
bind/33/bone = -1
bind/33/pose = Transform3D(0.995071, 0.0991698, -1.94502e-07, 0.0989345, -0.99271, 0.0688408, 0.00682674, -0.0685015, -0.997628, -0.00180945, 0.00817115, 0.000358654)
bind/34/name = &"Calf_L"
bind/34/bone = -1
bind/34/pose = Transform3D(0.993201, 0.116414, -6.32482e-08, 0.112512, -0.959911, -0.256734, -0.0298875, 0.254988, -0.966483, -0.00188482, 0.00419912, -0.00105485)
bind/35/name = &"Foot_L"
bind/35/bone = -1
bind/35/pose = Transform3D(1, 4.2521e-05, -4.01112e-07, 2.02287e-05, -0.467395, 0.884049, 3.74031e-05, -0.884049, -0.467395, -0.00182191, 0.00116616, 0.000115276)
bind/36/name = &"Ball_L"
bind/36/bone = -1
bind/36/pose = Transform3D(-0.99987, -0.000222401, 0.0161402, 0.016139, 0.00465314, 0.99986, -0.000297472, 0.999989, -0.00464894, 0.00182152, -4.09176e-05, -0.000124096)
bind/37/name = &"Thigh_R"
bind/37/bone = -1
bind/37/pose = Transform3D(0.995057, -0.0991603, 5.08942e-05, -0.0989294, -0.992705, 0.0689174, -0.00678338, -0.0685821, -0.997613, 0.00180936, 0.00817112, 0.000359372)
bind/38/name = &"Calf_R"
bind/38/bone = -1
bind/38/pose = Transform3D(0.993185, -0.116428, 4.49557e-05, -0.112518, -0.959928, -0.256667, 0.0299266, 0.254914, -0.966491, 0.00188484, 0.00419926, -0.00105418)
bind/39/name = &"Foot_R"
bind/39/bone = -1
bind/39/pose = Transform3D(0.999986, -6.80461e-05, -1.65246e-05, -1.71891e-05, -0.467303, 0.884089, -6.78821e-05, -0.884093, -0.467305, 0.00182187, 0.00116561, 0.000115539)
bind/40/name = &"Ball_R"
bind/40/bone = -1
bind/40/pose = Transform3D(-1.22629e-05, 0.988756, -0.149536, 1.90441e-05, 0.149535, 0.988747, 0.999986, 9.27705e-06, -2.06636e-05, -0.000121617, -3.00455e-05, 0.00182188)

[node name="Root Scene" instance=ExtResource("1_5yhvv")]

[node name="Armature" parent="RootNode" index="0"]
transform = Transform3D(100, 0, 0, 0, 100, -4.37114e-06, 0, 4.37114e-06, 100, -1.24312e-05, -4.89856e-12, 2.37534e-05)

[node name="Skeleton3D" type="Skeleton3D" parent="RootNode/Armature" index="0"]
transform = Transform3D(0.994035, 0.058484, -0.0920494, -0.0517538, 0.995923, 0.0738783, 0.0959948, -0.0686736, 0.993011, -0.000534306, -5.90261e-05, 0.000881435)
bones/0/name = "Root"
bones/0/parent = -1
bones/0/rest = Transform3D(-1, 1.17885e-14, -1.50996e-07, 8.67199e-14, 1, -4.96248e-07, 1.50996e-07, -4.96248e-07, -1, 0, 0, 0)
bones/0/enabled = true
bones/0/position = Vector3(0, 0, 0)
bones/0/rotation = Quaternion(2.46271e-14, 1, -2.48124e-07, -7.54979e-08)
bones/0/scale = Vector3(1, 1, 1)
bones/1/name = "Pelvis"
bones/1/parent = 0
bones/1/rest = Transform3D(1, -2.25616e-08, -6.1878e-08, 1.30626e-08, 0.988774, -0.149419, 6.45544e-08, 0.149419, 0.988774, 1.21936e-15, 0.00876274, 1.67289e-22)
bones/1/enabled = true
bones/1/position = Vector3(1.21936e-15, 0.00876274, 1.67289e-22)
bones/1/rotation = Quaternion(0.0749201, -3.16972e-08, 8.93115e-09, 0.99719)
bones/1/scale = Vector3(1, 1, 1)
bones/2/name = "Spine_01"
bones/2/parent = 1
bones/2/rest = Transform3D(1, 1.73424e-08, 1.73741e-09, -1.73424e-08, 0.980126, 0.198374, 1.73741e-09, -0.198374, 0.980126, 7.82472e-13, 0.0010394, 1.29454e-09)
bones/2/enabled = true
bones/2/position = Vector3(7.82472e-13, 0.0010394, 1.29454e-09)
bones/2/rotation = Quaternion(-0.136739, 0.0171095, -0.0291717, 0.99003)
bones/2/scale = Vector3(1, 1, 1)
bones/3/name = "Spine_02"
bones/3/parent = 2
bones/3/rest = Transform3D(1, -1.53404e-08, 1.35644e-09, 1.53404e-08, 0.984484, -0.175474, 1.35645e-09, 0.175474, 0.984484, -2.72456e-11, 0.00181495, -3.78443e-08)
bones/3/enabled = true
bones/3/position = Vector3(-2.72456e-11, 0.00181495, -3.78443e-08)
bones/3/rotation = Quaternion(0.0758175, 0.00461391, -0.014777, 0.997002)
bones/3/scale = Vector3(1, 1, 1)
bones/4/name = "Spine_03"
bones/4/parent = 3
bones/4/rest = Transform3D(1, 7.5976e-09, 3.30785e-10, -7.59761e-09, 0.996216, 0.0869064, 3.30748e-10, -0.0869065, 0.996216, 3.43437e-11, 0.00196387, -1.1865e-08)
bones/4/enabled = true
bones/4/position = Vector3(3.43437e-11, 0.00196387, -1.1865e-08)
bones/4/rotation = Quaternion(-0.0553118, 0.00408011, -0.0148907, 0.99835)
bones/4/scale = Vector3(1, 1, 1)
bones/5/name = "Neck_01"
bones/5/parent = 4
bones/5/rest = Transform3D(1, 1.49785e-08, 1.29271e-09, -1.49785e-08, 0.985213, 0.171334, 1.29275e-09, -0.171334, 0.985213, -9.51826e-12, 0.00111661, 2.47732e-09)
bones/5/enabled = true
bones/5/position = Vector3(-9.51826e-12, 0.00111661, 2.47732e-09)
bones/5/rotation = Quaternion(-0.140593, -0.00159754, -0.00253337, 0.990063)
bones/5/scale = Vector3(1, 1, 1)
bones/6/name = "Head"
bones/6/parent = 5
bones/6/rest = Transform3D(1, -1.6157e-14, 3.77476e-15, 1.6157e-14, 1, -2.08616e-07, -3.77476e-15, 2.08616e-07, 1, -1.04608e-11, 0.000895839, -6.78003e-09)
bones/6/enabled = true
bones/6/position = Vector3(-1.04608e-11, 0.000895839, -6.78003e-09)
bones/6/rotation = Quaternion(1.04308e-07, 1.88738e-15, 8.0785e-15, 1)
bones/6/scale = Vector3(1, 1, 1)
bones/7/name = "Clavicle_L"
bones/7/parent = 4
bones/7/rest = Transform3D(-0.0170019, -0.88923, 0.457145, 0.99907, 0.00301558, 0.0430227, -0.0396357, 0.457451, 0.888351, -0.000744713, 0.000527765, -0.000483322)
bones/7/enabled = true
bones/7/position = Vector3(-0.000744713, 0.000527765, -0.000483322)
bones/7/rotation = Quaternion(0.00805188, 0.110741, 0.773919, 0.623476)
bones/7/scale = Vector3(1, 1, 1)
bones/8/name = "Upperarm_L"
bones/8/parent = 7
bones/8/rest = Transform3D(0.99916, -0.0384962, 0.0140667, 0.0364512, 0.991556, 0.124448, -0.0187387, -0.123831, 0.992126, 8.72867e-10, 0.00135606, 9.31323e-12)
bones/8/enabled = true
bones/8/position = Vector3(8.72867e-10, 0.00135606, 9.31323e-12)
bones/8/rotation = Quaternion(-0.316626, 0.251741, 0.51475, 0.755915)
bones/8/scale = Vector3(1, 1, 1)
bones/9/name = "Lowerarm_L"
bones/9/parent = 8
bones/9/rest = Transform3D(0.99833, 0.0577667, 0.0011621, -0.054269, 0.930599, 0.361995, 0.0198298, -0.361453, 0.932179, -1.61646e-09, 0.00199616, 8.3819e-11)
bones/9/enabled = true
bones/9/position = Vector3(-1.61646e-09, 0.00199616, 8.3819e-11)
bones/9/rotation = Quaternion(-0.0160004, -0.00484351, -1.8628e-05, 0.99986)
bones/9/scale = Vector3(1, 1, 1)
bones/10/name = "Hand_L"
bones/10/parent = 9
bones/10/rest = Transform3D(0.945607, -0.202752, -0.2544, 0.325246, 0.604965, 0.726796, 0.00654394, -0.770006, 0.638003, 1.14446e-09, 0.00260749, 6.40375e-11)
bones/10/enabled = true
bones/10/position = Vector3(1.14446e-09, 0.00260749, 6.40375e-11)
bones/10/rotation = Quaternion(-0.354583, -0.330761, 0.120613, 0.86621)
bones/10/scale = Vector3(1, 1, 1)
bones/11/name = "Thumb_01_L"
bones/11/parent = 10
bones/11/rest = Transform3D(0.995184, 0.083651, 0.0511032, -0.0610891, 0.936958, -0.344061, -0.0766626, 0.339282, 0.937556, -4.51179e-07, 0.000522641, 5.43892e-08)
bones/11/enabled = true
bones/11/position = Vector3(-4.51179e-07, 0.000522641, 5.43892e-08)
bones/11/rotation = Quaternion(0.0803348, 0.0289327, 0.0349513, 0.995735)
bones/11/scale = Vector3(1, 1, 1)
bones/12/name = "Thumb_02_L"
bones/12/parent = 11
bones/12/rest = Transform3D(0.956751, -0.280548, -0.0769481, 0.248264, 0.925291, -0.286709, 0.151635, 0.255205, 0.954922, 7.59667e-10, 0.000482191, 2.23517e-10)
bones/12/enabled = true
bones/12/position = Vector3(7.59667e-10, 0.000482191, 2.23517e-10)
bones/12/rotation = Quaternion(0.245895, 0.0292066, -0.129791, 0.960124)
bones/12/scale = Vector3(1, 1, 1)
bones/13/name = "Thumb_03_L"
bones/13/parent = 12
bones/13/rest = Transform3D(1, 2.65049e-05, 1.92512e-05, -2.65049e-05, 1, -5.47873e-07, -1.92512e-05, 5.47362e-07, 1, -1.11945e-09, 0.000134296, -9.31323e-11)
bones/13/enabled = true
bones/13/position = Vector3(-1.11945e-09, 0.000134296, -9.31323e-11)
bones/13/rotation = Quaternion(2.73809e-07, 9.62559e-06, -1.32525e-05, 1)
bones/13/scale = Vector3(1, 1, 1)
bones/14/name = "Index_01_L"
bones/14/parent = 10
bones/14/rest = Transform3D(0.966298, 0.253711, 0.043577, -0.160442, 0.725938, -0.668785, -0.201312, 0.639254, 0.742178, 0.000336654, 0.000742255, 0.000500379)
bones/14/enabled = true
bones/14/position = Vector3(0.000336654, 0.000742255, 0.000500379)
bones/14/rotation = Quaternion(0.287407, 0.0748418, -0.0946137, 0.950181)
bones/14/scale = Vector3(1, 1, 1)
bones/15/name = "Index_02_L"
bones/15/parent = 14
bones/15/rest = Transform3D(0.979205, -0.200954, -0.0278394, 0.199945, 0.979173, -0.0352436, 0.034342, 0.0289443, 0.998991, 1.39903e-09, 0.000271935, 3.72529e-10)
bones/15/enabled = true
bones/15/position = Vector3(1.39903e-09, 0.000271935, 3.72529e-10)
bones/15/rotation = Quaternion(0.00700966, -0.0155259, 0.151813, 0.988262)
bones/15/scale = Vector3(1, 1, 1)
bones/16/name = "Index_03_L"
bones/16/parent = 15
bones/16/rest = Transform3D(1, 3.35301e-05, 5.47808e-05, -3.353e-05, 1, -2.82888e-06, -5.47809e-05, 2.82704e-06, 1, 4.00672e-10, 0.000268576, -7.45058e-11)
bones/16/enabled = true
bones/16/position = Vector3(4.00672e-10, 0.000268576, -7.45058e-11)
bones/16/rotation = Quaternion(1.41398e-06, 2.73904e-05, -1.6765e-05, 1)
bones/16/scale = Vector3(1, 1, 1)
bones/17/name = "Ring_01_L"
bones/17/parent = 10
bones/17/rest = Transform3D(0.970328, 0.240776, -0.0221445, -0.150694, 0.530582, -0.83413, -0.189089, 0.812717, 0.551123, 0.000280517, 0.000391263, 0.000729992)
bones/17/enabled = true
bones/17/position = Vector3(0.000280517, 0.000391263, 0.000729992)
bones/17/rotation = Quaternion(0.322766, 0.034734, 0.0172355, 0.945684)
bones/17/scale = Vector3(1, 1, 1)
bones/18/name = "Ring_02_L"
bones/18/parent = 17
bones/18/rest = Transform3D(0.998249, -0.0591303, 0.00164858, 0.0589026, 0.996197, 0.0642102, -0.00543908, -0.0640007, 0.997935, -1.05879e-09, 0.000343197, -1.11759e-10)
bones/18/enabled = true
bones/18/position = Vector3(-1.05879e-09, 0.000343197, -1.11759e-10)
bones/18/rotation = Quaternion(0.00281878, 0.00173832, 0.18252, 0.983197)
bones/18/scale = Vector3(1, 1, 1)
bones/19/name = "Ring_03_L"
bones/19/parent = 18
bones/19/rest = Transform3D(1, -3.42629e-05, -3.24858e-05, 3.42628e-05, 1, -1.26631e-06, 3.24859e-05, 1.2652e-06, 1, -1.11007e-09, 0.000248243, 9.31323e-12)
bones/19/enabled = true
bones/19/position = Vector3(-1.11007e-09, 0.000248243, 9.31323e-12)
bones/19/rotation = Quaternion(6.32877e-07, -1.62429e-05, 1.71314e-05, 1)
bones/19/scale = Vector3(1, 1, 1)
bones/20/name = "Clavicle_R"
bones/20/parent = 4
bones/20/rest = Transform3D(-0.0169984, 0.88923, -0.457145, -0.99907, 0.00301874, 0.0430212, 0.0396357, 0.457451, 0.888351, 0.000744716, 0.000527806, -0.000483315)
bones/20/enabled = true
bones/20/position = Vector3(0.000744716, 0.000527806, -0.000483315)
bones/20/rotation = Quaternion(0.0145875, -0.125465, -0.783436, 0.608501)
bones/20/scale = Vector3(1, 1, 1)
bones/21/name = "Upperarm_R"
bones/21/parent = 20
bones/21/rest = Transform3D(0.999159, 0.0385072, -0.0140725, -0.0364614, 0.991556, 0.124447, 0.0187458, -0.123829, 0.992126, -7.69959e-10, 0.00135606, 1.11759e-10)
bones/21/enabled = true
bones/21/position = Vector3(-7.69959e-10, 0.00135606, 1.11759e-10)
bones/21/rotation = Quaternion(-0.339239, -0.320744, -0.426594, 0.774634)
bones/21/scale = Vector3(1, 1, 1)
bones/22/name = "Lowerarm_R"
bones/22/parent = 21
bones/22/rest = Transform3D(0.998329, -0.0577728, -0.001161, 0.0542742, 0.930598, 0.361997, -0.0198331, -0.361455, 0.932179, -3.13553e-10, 0.00199616, -2.32831e-11)
bones/22/enabled = true
bones/22/position = Vector3(-3.13553e-10, 0.00199616, -2.32831e-11)
bones/22/rotation = Quaternion(-0.0601783, 0.00487958, 7.31967e-05, 0.998176)
bones/22/scale = Vector3(1, 1, 1)
bones/23/name = "Hand_R"
bones/23/parent = 22
bones/23/rest = Transform3D(0.945637, 0.202706, 0.254324, -0.325158, 0.604983, 0.72682, -0.00653103, -0.770004, 0.638006, 4.71165e-10, 0.00260748, 1.01768e-10)
bones/23/enabled = true
bones/23/position = Vector3(4.71165e-10, 0.00260748, 1.01768e-10)
bones/23/rotation = Quaternion(-0.316078, 0.236265, -0.163816, 0.904123)
bones/23/scale = Vector3(1, 1, 1)
bones/24/name = "Thumb_01_R"
bones/24/parent = 23
bones/24/rest = Transform3D(0.995203, -0.0834905, -0.050988, 0.0609773, 0.936966, -0.344059, 0.0764997, 0.3393, 0.937562, -2.98628e-07, 0.000522555, -8.75816e-08)
bones/24/enabled = true
bones/24/position = Vector3(-2.98628e-07, 0.000522555, -8.75816e-08)
bones/24/rotation = Quaternion(0.0611753, -0.0241838, -0.0383883, 0.997095)
bones/24/scale = Vector3(1, 1, 1)
bones/25/name = "Thumb_02_R"
bones/25/parent = 24
bones/25/rest = Transform3D(0.956802, 0.280387, 0.0768871, -0.248127, 0.925334, -0.286688, -0.15153, 0.255226, 0.954934, -1.7095e-07, 0.000482137, -1.03079e-07)
bones/25/enabled = true
bones/25/position = Vector3(-1.7095e-07, 0.000482137, -1.03079e-07)
bones/25/rotation = Quaternion(0.282393, -0.0198319, 0.130205, 0.950214)
bones/25/scale = Vector3(1, 1, 1)
bones/26/name = "Thumb_03_R"
bones/26/parent = 25
bones/26/rest = Transform3D(1, 2.98451e-05, 2.36144e-05, -2.98451e-05, 1, 2.246e-06, -2.36144e-05, -2.2467e-06, 1, 3.287e-08, 0.000134467, 8.59052e-08)
bones/26/enabled = true
bones/26/position = Vector3(3.287e-08, 0.000134467, 8.59052e-08)
bones/26/rotation = Quaternion(-1.12317e-06, 1.18072e-05, -1.49225e-05, 1)
bones/26/scale = Vector3(1, 1, 1)
bones/27/name = "Index_01_R"
bones/27/parent = 23
bones/27/rest = Transform3D(0.966359, -0.253485, -0.0435274, 0.160307, 0.725975, -0.668776, 0.201125, 0.6393, 0.742189, -0.000337356, 0.000742305, 0.000500404)
bones/27/enabled = true
bones/27/position = Vector3(-0.000337356, 0.000742305, 0.000500404)
bones/27/rotation = Quaternion(0.284993, -0.0773861, 0.10072, 0.950077)
bones/27/scale = Vector3(1, 1, 1)
bones/28/name = "Index_02_R"
bones/28/parent = 27
bones/28/rest = Transform3D(0.979279, 0.2006, 0.0277845, -0.199594, 0.979245, -0.0352302, -0.0342751, 0.0289545, 0.998993, -3.27906e-10, 0.000271934, -2.79397e-10)
bones/28/enabled = true
bones/28/position = Vector3(-3.27906e-10, 0.000271934, -2.79397e-10)
bones/28/rotation = Quaternion(0.00385072, 0.0154947, -0.151942, 0.988261)
bones/28/scale = Vector3(1, 1, 1)
bones/29/name = "Index_03_R"
bones/29/parent = 28
bones/29/rest = Transform3D(1, 1.81008e-06, 1.37434e-05, -1.81004e-06, 1, -3.04032e-06, -1.37434e-05, 3.04029e-06, 1, 4.59275e-10, 0.000268565, -3.72529e-11)
bones/29/enabled = true
bones/29/position = Vector3(4.59275e-10, 0.000268565, -3.72529e-11)
bones/29/rotation = Quaternion(1.52015e-06, 6.8717e-06, -9.0503e-07, 1)
bones/29/scale = Vector3(1, 1, 1)
bones/30/name = "Ring_01_R"
bones/30/parent = 23
bones/30/rest = Transform3D(0.970346, -0.240701, 0.0221492, 0.15066, 0.530605, -0.834122, 0.189022, 0.812725, 0.551134, -0.000281215, 0.000391254, 0.000729923)
bones/30/enabled = true
bones/30/position = Vector3(-0.000281215, 0.000391254, 0.000729923)
bones/30/rotation = Quaternion(0.318152, -0.0375328, -0.0114864, 0.947227)
bones/30/scale = Vector3(1, 1, 1)
bones/31/name = "Ring_02_R"
bones/31/parent = 30
bones/31/rest = Transform3D(0.998231, 0.0594319, -0.00164682, -0.059204, 0.99618, 0.0641867, 0.00545527, -0.0639757, 0.997937, 5.93547e-10, 0.000343199, -5.58794e-11)
bones/31/enabled = true
bones/31/position = Vector3(5.93547e-10, 0.000343199, -5.58794e-11)
bones/31/rotation = Quaternion(-0.000989921, -0.00169786, -0.183902, 0.982943)
bones/31/scale = Vector3(1, 1, 1)
bones/32/name = "Ring_03_R"
bones/32/parent = 31
bones/32/rest = Transform3D(1, 1.96876e-05, 1.2675e-05, -1.96876e-05, 1, -1.85276e-06, -1.26751e-05, 1.85251e-06, 1, 1.48706e-09, 0.000248248, -4.19095e-11)
bones/32/enabled = true
bones/32/position = Vector3(1.48706e-09, 0.000248248, -4.19095e-11)
bones/32/rotation = Quaternion(9.26317e-07, 6.33754e-06, -9.84381e-06, 1)
bones/32/scale = Vector3(1, 1, 1)
bones/33/name = "Thigh_L"
bones/33/parent = 1
bones/33/rest = Transform3D(-0.99507, -0.0989339, -0.00682715, 0.0980559, -0.991852, 0.0813276, -0.0148176, 0.0802573, 0.996664, -0.000989676, -0.000411462, 0.000269213)
bones/33/enabled = true
bones/33/position = Vector3(-0.000989676, -0.000411462, 0.000269213)
bones/33/rotation = Quaternion(0.124753, -0.0677775, 0.98534, 0.0945965)
bones/33/scale = Vector3(1, 1, 1)
bones/34/name = "Calf_L"
bones/34/parent = 33
bones/34/rest = Transform3D(0.999849, 0.0167634, -0.00445287, -0.0173036, 0.94637, -0.32262, -0.00119415, 0.322648, 0.946518, -1.83844e-08, 0.00382438, -1.36101e-08)
bones/34/enabled = true
bones/34/position = Vector3(-1.83844e-08, 0.00382438, -1.36101e-08)
bones/34/rotation = Quaternion(0.266584, -0.0124041, -0.044563, 0.962701)
bones/34/scale = Vector3(1, 1, 1)
bones/35/name = "Foot_L"
bones/35/parent = 34
bones/35/rest = Transform3D(0.993206, -0.0543913, -0.102879, 0.112471, 0.221694, 0.968608, -0.0298763, -0.973598, 0.226305, 7.86975e-11, 0.00403385, 4.65661e-12)
bones/35/enabled = true
bones/35/position = Vector3(7.86975e-11, 0.00403385, 4.65661e-12)
bones/35/rotation = Quaternion(-0.586991, -0.032124, 0.0605905, 0.806684)
bones/35/scale = Vector3(1, 1, 1)
bones/36/name = "Ball_L"
bones/36/parent = 35
bones/36/rest = Transform3D(-0.99987, 0.0161387, -0.000254929, 0.0143524, 0.881749, -0.471499, -0.00738462, -0.471441, -0.881866, 3.89529e-08, 0.00111757, -1.17547e-08)
bones/36/enabled = true
bones/36/position = Vector3(3.89529e-08, 0.00111757, -1.17547e-08)
bones/36/rotation = Quaternion(0.00785866, 0.969985, -0.24303, 0.00183758)
bones/36/scale = Vector3(1, 1, 1)
bones/37/name = "Thigh_R"
bones/37/parent = 1
bones/37/rest = Transform3D(-0.995085, 0.0989315, 0.00676979, -0.0980581, -0.991845, 0.0814237, 0.01477, 0.0803578, 0.996666, 0.000989667, -0.000411474, 0.000269215)
bones/37/enabled = true
bones/37/position = Vector3(0.000989667, -0.000411474, 0.000269215)
bones/37/rotation = Quaternion(-0.0935461, 0.0234021, 0.995298, 0.0091418)
bones/37/scale = Vector3(1.00001, 1, 1.00001)
bones/38/name = "Calf_R"
bones/38/parent = 37
bones/38/rest = Transform3D(0.999849, -0.0167885, 0.00445224, 0.0173271, 0.946368, -0.322624, 0.00120292, 0.322652, 0.946517, -3.56418e-09, 0.00382428, -1.17416e-08)
bones/38/enabled = true
bones/38/position = Vector3(-3.56418e-09, 0.00382428, -1.17416e-08)
bones/38/rotation = Quaternion(0.234993, 0.0829284, 0.0353223, 0.967809)
bones/38/scale = Vector3(1, 1, 1)
bones/39/name = "Foot_R"
bones/39/parent = 38
bones/39/rest = Transform3D(0.993207, 0.0544317, 0.102848, -0.11245, 0.221664, 0.968618, 0.0299257, -0.973603, 0.226279, -1.17275e-10, 0.00403384, -1.11759e-10)
bones/39/enabled = true
bones/39/position = Vector3(-1.17275e-10, 0.00403384, -1.11759e-10)
bones/39/rotation = Quaternion(-0.632282, 0.0271957, -0.0290806, 0.773714)
bones/39/scale = Vector3(1, 1, 1)
bones/40/name = "Ball_R"
bones/40/parent = 39
bones/40/rest = Transform3D(-7.84397e-05, -7.689e-06, 1, -0.594254, 0.804277, -4.04119e-05, -0.804277, -0.594254, -6.75917e-05, -1.87692e-08, 0.00111759, -4.24188e-08)
bones/40/enabled = true
bones/40/position = Vector3(-1.87692e-08, 0.00111759, -4.24188e-08)
bones/40/rotation = Quaternion(-0.221197, 0.671644, -0.221209, 0.67159)
bones/40/scale = Vector3(1, 1, 1)

[node name="ciry_dwellers_1" type="MeshInstance3D" parent="RootNode/Armature/Skeleton3D" index="0"]
mesh = ExtResource("1_8bkxi")
skin = SubResource("Skin_nsr8t")
