[gd_scene load_steps=65 format=3 uid="uid://clkxybhmklyt3"]

[ext_resource type="PackedScene" path="res://assets/prefabs/Terrain/Landscape.tscn" id="1_bcne0"]
[ext_resource type="PackedScene" path="res://assets/prefabs/Building/MeadHall.tscn" id="2_se3qd"]
[ext_resource type="PackedScene" path="res://assets/prefabs/Furniture/Rooms/Throne.tscn" id="3_u1g6r"]
[ext_resource type="PackedScene" path="res://assets/prefabs/Furniture/Rooms/Table.tscn" id="4_hgr8e"]
[ext_resource type="PackedScene" path="res://assets/prefabs/Furniture/Rooms/Bench.tscn" id="5_v11lw"]
[ext_resource type="PackedScene" uid="uid://7eey8y87akjf" path="res://assets/prefabs/Furniture/Lights/TorchInHolder.tscn" id="6_1f1vy"]
[ext_resource type="PackedScene" path="res://assets/prefabs/Furniture/Rooms/BigWoodenDoor.tscn" id="7_jhy7w"]
[ext_resource type="PackedScene" path="res://assets/prefabs/Furniture/Rooms/SmallWoodenDoor.tscn" id="8_t7u7h"]
[ext_resource type="PackedScene" path="res://assets/prefabs/Environmental/Stones/BigStonePillar4.tscn" id="9_yxgao"]
[ext_resource type="PackedScene" uid="uid://dkhmfaf5ex6x5" path="res://assets/TeleporterEffect.tscn" id="10_0ymu3"]
[ext_resource type="PackedScene" path="res://assets/prefabs/Furniture/Storage/Crate.tscn" id="11_8r3wt"]
[ext_resource type="PackedScene" path="res://assets/prefabs/Furniture/Storage/BarrelClosed.tscn" id="12_6221j"]
[ext_resource type="PackedScene" path="res://assets/prefabs/Furniture/Storage/BarrelEmpty.tscn" id="13_a81pq"]
[ext_resource type="PackedScene" path="res://assets/prefabs/Furniture/Storage/BarrelClosedDarker.tscn" id="14_lo3bd"]
[ext_resource type="PackedScene" path="res://assets/prefabs/Furniture/Storage/TubFullMead.tscn" id="15_we75s"]
[ext_resource type="PackedScene" path="res://assets/prefabs/Furniture/Storage/TubFullWine.tscn" id="16_7rud5"]
[ext_resource type="PackedScene" path="res://assets/prefabs/Tableware/WoodenBowl.tscn" id="17_kf2sb"]
[ext_resource type="Script" path="res://tools/scripts/RandomizeMeshRotation_y_Random.gd" id="17_qboi0"]
[ext_resource type="PackedScene" path="res://assets/prefabs/Furniture/Storage/BarrelFullMead.tscn" id="17_u8ua2"]
[ext_resource type="PackedScene" path="res://assets/prefabs/Furniture/Storage/BarrelLid.tscn" id="18_6hici"]
[ext_resource type="PackedScene" path="res://assets/prefabs/Tableware/WoodenPlate.tscn" id="18_a28fc"]
[ext_resource type="PackedScene" path="res://assets/prefabs/Tableware/WoodenTankardEmpty.tscn" id="19_2glvw"]
[ext_resource type="PackedScene" path="res://assets/prefabs/Furniture/Storage/BarrelFullWine.tscn" id="19_tx0am"]
[ext_resource type="PackedScene" path="res://assets/prefabs/Tableware/WoodenTankardFullMead.tscn" id="20_2ydh5"]
[ext_resource type="PackedScene" path="res://assets/prefabs/Tableware/WoodenTankardFullFoam.tscn" id="21_of2b1"]
[ext_resource type="PackedScene" path="res://assets/prefabs/Tableware/WoodenTankardFullWine.tscn" id="22_etteb"]
[ext_resource type="PackedScene" path="res://assets/prefabs/Environmental/Boulders/Boulder01.tscn" id="27_kgv6s"]
[ext_resource type="PackedScene" path="res://assets/prefabs/Environmental/Boulders/Boulder02.tscn" id="28_ufcql"]
[ext_resource type="PackedScene" path="res://assets/prefabs/Building/Fences/GateMyoujin.tscn" id="29_5xx6y"]
[ext_resource type="PackedScene" path="res://assets/prefabs/Building/Fences/Fence.tscn" id="30_fuutx"]
[ext_resource type="PackedScene" path="res://assets/prefabs/Environmental/Paths/DirtPatch02.tscn" id="31_jkt8p"]
[ext_resource type="PackedScene" path="res://assets/prefabs/Environmental/Trees/TreeOak01.tscn" id="31_nbaxe"]
[ext_resource type="Script" path="res://tools/scripts/RandomizeMeshRotation_y_Random_slight_tilt.gd" id="31_wxnec"]
[ext_resource type="PackedScene" path="res://assets/prefabs/Environmental/Paths/DirtPatch.tscn" id="32_f7l6s"]
[ext_resource type="Script" path="res://tools/scripts/RandomizeMeshRotationAnyScale.gd" id="32_s0lge"]
[ext_resource type="PackedScene" path="res://assets/prefabs/Environmental/Paths/Pebbles02.tscn" id="33_3howi"]
[ext_resource type="Script" path="res://tools/scripts/RandomizeMeshRotation_y_tilt_to_normal.gd" id="34_qec53"]
[ext_resource type="PackedScene" path="res://assets/prefabs/Environmental/Paths/Pebbles.tscn" id="34_s3af4"]
[ext_resource type="PackedScene" path="res://assets/prefabs/Environmental/Branches/Branch.tscn" id="35_4mj8j"]
[ext_resource type="PackedScene" path="res://assets/prefabs/Environmental/Paths/GreenPatch02.tscn" id="35_v0p3c"]
[ext_resource type="PackedScene" path="res://assets/prefabs/Environmental/Paths/GreenPatch.tscn" id="36_vku62"]
[ext_resource type="PackedScene" path="res://assets/prefabs/Environmental/Bushes/Bush01.tscn" id="36_wxf2a"]
[ext_resource type="PackedScene" path="res://assets/prefabs/Environmental/Bushes/Bush02.tscn" id="37_tcy3f"]
[ext_resource type="PackedScene" path="res://assets/prefabs/Environmental/Flowers/Dandelion.tscn" id="38_tfej8"]
[ext_resource type="PackedScene" path="res://assets/prefabs/Environmental/Flowers/Rose.tscn" id="39_fmdkf"]
[ext_resource type="PackedScene" path="res://assets/prefabs/Environmental/Grass/GrassPatch01.tscn" id="40_x8f7i"]
[ext_resource type="PackedScene" path="res://assets/prefabs/Environmental/Grass/GrassPatch02.tscn" id="41_d5o3s"]
[ext_resource type="PackedScene" uid="uid://dn52xaipys27d" path="res://assets/prefabs/Environmental/Logs/Log01.tscn" id="42_tcnue"]
[ext_resource type="PackedScene" path="res://assets/prefabs/Environmental/Mushrooms/RedToadstool.tscn" id="43_0dt21"]
[ext_resource type="PackedScene" path="res://assets/prefabs/Environmental/Mushrooms/TrueMushroom.tscn" id="44_farep"]
[ext_resource type="PackedScene" path="res://assets/prefabs/Environmental/Trunks/Trunk01.tscn" id="45_v6fc2"]
[ext_resource type="PackedScene" uid="uid://cm5xrijisajsi" path="res://assets/meshes/Environmental/Mushrooms/TrueMushroom.glb" id="46_sqqmu"]
[ext_resource type="PackedScene" uid="uid://bfiu6i2torniv" path="res://assets/meshes/Environmental/Bushes/Bush02.glb" id="47_bi48u"]
[ext_resource type="PackedScene" uid="uid://clsvsyrbqnoaf" path="res://assets/meshes/Environmental/Branches/Branch.glb" id="48_7dre8"]
[ext_resource type="PackedScene" uid="uid://c3y0kn56s8nuc" path="res://assets/meshes/Environmental/Trunks/Trunk01.glb" id="49_qi2p2"]
[ext_resource type="ArrayMesh" uid="uid://cyuvj8rwvteuj" path="res://assets/collisions/Environmental/Trunks/_Trunk01.col.obj" id="50_uod8s"]
[ext_resource type="PackedScene" uid="uid://cbkgrdynhlswg" path="res://assets/meshes/Environmental/Grass/GrassPatch02.glb" id="51_irupq"]
[ext_resource type="PackedScene" uid="uid://bh5hb2bw0kp83" path="res://assets/meshes/Environmental/Grass/GrassPatch01.glb" id="52_y7515"]
[ext_resource type="PackedScene" uid="uid://bp5cmty8y578h" path="res://assets/meshes/Environmental/Mushrooms/RedToadstool.glb" id="53_ah0cq"]
[ext_resource type="PackedScene" uid="uid://bn3jheo7nan7g" path="res://assets/meshes/Environmental/Flowers/Rose.glb" id="54_ryr2b"]
[ext_resource type="PackedScene" uid="uid://wwakq03t1ydn" path="res://assets/meshes/Environmental/Logs/Log01.glb" id="55_esqk6"]
[ext_resource type="ArrayMesh" uid="uid://dd7s6lc43tp4r" path="res://assets/collisions/Environmental/Logs/_Log01.col.obj" id="56_br0xi"]
[ext_resource type="PackedScene" uid="uid://cac1lxvu27xka" path="res://assets/meshes/Environmental/Flowers/Dandelion.glb" id="57_7573t"]
[ext_resource type="PackedScene" uid="uid://cgocqgfqi5ffs" path="res://assets/prefabs/Furniture/Outdoor/LampPostHanging_Lit.tscn" id="64_7y4qw"]

[node name="Castle" type="GameEditorConfig"]
save_map_file_path = "../game_assets/maps/Castle.map"

[node name="Terrain" type="Node3D" parent="."]

[node name="PrefabServerStaticMesh26" parent="Terrain" instance=ExtResource("1_bcne0")]

[node name="MeadHall" type="Node3D" parent="."]
transform = Transform3D(-0.0359285, 0, 0.999354, 0, 1, 0, -0.999354, 0, -0.0359285, -90.8739, -1.59111, 54.138)
rotation_edit_mode = 2

[node name="Building" type="Node3D" parent="MeadHall"]

[node name="MeadHall" parent="MeadHall/Building" instance=ExtResource("2_se3qd")]
rotation_edit_mode = 2

[node name="Furniture" type="Node3D" parent="MeadHall"]

[node name="Throne" parent="MeadHall/Furniture" instance=ExtResource("3_u1g6r")]
transform = Transform3D(0.999982, 0, -0.00617807, 0, 1, 0, 0.00617807, 0, 0.999982, 0.0204926, 0.2032, -23.0026)

[node name="Table1" parent="MeadHall/Furniture" instance=ExtResource("4_hgr8e")]
transform = Transform3D(0.999902, 0, 0.0140667, 0, 1, 0, -0.0140667, 0, 0.999902, 5.49048, 0.0130997, -6.53887)

[node name="Table2" parent="MeadHall/Furniture" instance=ExtResource("4_hgr8e")]
transform = Transform3D(0.999902, 0, 0.0140667, 0, 1, 0, -0.0140667, 0, 0.999902, 5.63676, 0.0130997, -13.9486)

[node name="Table3" parent="MeadHall/Furniture" instance=ExtResource("4_hgr8e")]
transform = Transform3D(0.999902, 0, 0.0140667, 0, 1, 0, -0.0140667, 0, 0.999902, -5.30833, 0.0130997, -7.17045)

[node name="Table4" parent="MeadHall/Furniture" instance=ExtResource("4_hgr8e")]
transform = Transform3D(0.999902, 0, 0.0140667, 0, 1, 0, -0.0140667, 0, 0.999902, -5.16206, 0.0130997, -14.5803)

[node name="Bench5" parent="MeadHall/Furniture" instance=ExtResource("5_v11lw")]
transform = Transform3D(-0.999421, 0, -0.034045, 0, 1, 0, 0.034045, 0, -0.999421, 4.22724, 0.00979996, -5.14901)

[node name="Bench8" parent="MeadHall/Furniture" instance=ExtResource("5_v11lw")]
transform = Transform3D(-0.999954, 0, -0.00965181, 0, 1, 0, 0.00965181, 0, -0.999954, 4.16979, 0.00699997, -7.80338)

[node name="Bench9" parent="MeadHall/Furniture" instance=ExtResource("5_v11lw")]
transform = Transform3D(-0.999421, 0, -0.034045, 0, 1, 0, 0.034045, 0, -0.999421, 6.76768, 0.00979996, -5.23607)

[node name="Bench10" parent="MeadHall/Furniture" instance=ExtResource("5_v11lw")]
transform = Transform3D(-0.999954, 0, -0.00965181, 0, 1, 0, 0.00965181, 0, -0.999954, 6.70921, 0.00699997, -7.89032)

[node name="Bench11" parent="MeadHall/Furniture" instance=ExtResource("5_v11lw")]
transform = Transform3D(-0.999421, 0, -0.034045, 0, 1, 0, 0.034045, 0, -0.999421, 4.37353, 0.00979996, -12.5588)

[node name="Bench13" parent="MeadHall/Furniture" instance=ExtResource("5_v11lw")]
transform = Transform3D(-0.999954, 0, -0.00965181, 0, 1, 0, 0.00965181, 0, -0.999954, 4.31608, 0.00699997, -15.2132)

[node name="Bench14" parent="MeadHall/Furniture" instance=ExtResource("5_v11lw")]
transform = Transform3D(-0.999421, 0, -0.034045, 0, 1, 0, 0.034045, 0, -0.999421, 6.91389, 0.00979996, -12.6459)

[node name="Bench15" parent="MeadHall/Furniture" instance=ExtResource("5_v11lw")]
transform = Transform3D(-0.999954, 0, -0.00965181, 0, 1, 0, 0.00965181, 0, -0.999954, 6.85546, 0.00699997, -15.3001)

[node name="Bench16" parent="MeadHall/Furniture" instance=ExtResource("5_v11lw")]
transform = Transform3D(-0.999421, 0, -0.034045, 0, 1, 0, 0.034045, 0, -0.999421, -6.57158, 0.00979996, -5.78067)

[node name="Bench18" parent="MeadHall/Furniture" instance=ExtResource("5_v11lw")]
transform = Transform3D(-0.999954, 0, -0.00965181, 0, 1, 0, 0.00965181, 0, -0.999954, -6.63003, 0.00699997, -8.43492)

[node name="Bench19" parent="MeadHall/Furniture" instance=ExtResource("5_v11lw")]
transform = Transform3D(-0.999421, 0, -0.034045, 0, 1, 0, 0.034045, 0, -0.999421, -4.0321, 0.00979996, -5.86752)

[node name="Bench20" parent="MeadHall/Furniture" instance=ExtResource("5_v11lw")]
transform = Transform3D(-0.999954, 0, -0.00965181, 0, 1, 0, 0.00965181, 0, -0.999954, -4.08956, 0.00699997, -8.522)

[node name="Bench21" parent="MeadHall/Furniture" instance=ExtResource("5_v11lw")]
transform = Transform3D(-0.999421, 0, -0.034045, 0, 1, 0, 0.034045, 0, -0.999421, -6.42532, 0.00979996, -13.1904)

[node name="Bench23" parent="MeadHall/Furniture" instance=ExtResource("5_v11lw")]
transform = Transform3D(-0.999954, 0, -0.00965181, 0, 1, 0, 0.00965181, 0, -0.999954, -6.48376, 0.00699997, -15.8446)

[node name="Bench24" parent="MeadHall/Furniture" instance=ExtResource("5_v11lw")]
transform = Transform3D(-0.999421, 0, -0.034045, 0, 1, 0, 0.034045, 0, -0.999421, -3.8849, 0.00979996, -13.2775)

[node name="Bench25" parent="MeadHall/Furniture" instance=ExtResource("5_v11lw")]
transform = Transform3D(-0.999954, 0, -0.00965181, 0, 1, 0, 0.00965181, 0, -0.999954, -3.94335, 0.00699997, -15.9317)

[node name="Table5" parent="MeadHall/Furniture" instance=ExtResource("4_hgr8e")]
transform = Transform3D(-0.00605878, 0, 0.584466, 0, 1, 0, -0.861405, 0, -0.00411088, 11.4603, 0.0131, -8.87045)

[node name="Table6" parent="MeadHall/Furniture" instance=ExtResource("4_hgr8e")]
transform = Transform3D(-0.00426584, 0, 0.399315, 0, 1, 0, -0.606497, 0, -0.00280859, -10.9866, 0.0130997, -17.576)

[node name="Lights" type="Node3D" parent="MeadHall"]

[node name="Torch" parent="MeadHall/Lights" instance=ExtResource("6_1f1vy")]
transform = Transform3D(0.0123739, 0, -0.999924, 0, 1, 0, 0.999924, 0, 0.0123739, 2.75034, 1.92692, -13.9895)

[node name="Torch2" parent="MeadHall/Lights" instance=ExtResource("6_1f1vy")]
transform = Transform3D(0.0123739, 0, -0.999924, 0, 1, 0, 0.999924, 0, 0.0123739, 2.75787, 1.91251, -10.9523)

[node name="Torch3" parent="MeadHall/Lights" instance=ExtResource("6_1f1vy")]
transform = Transform3D(-0.0190753, 0, -0.999819, 0, 1, 0, 0.999819, 0, -0.0190753, 2.75398, 1.92692, -7.99632)

[node name="Torch4" parent="MeadHall/Lights" instance=ExtResource("6_1f1vy")]
transform = Transform3D(-0.0370975, 0, -0.999312, 0, 1, 0, 0.999312, 0, -0.0370975, 2.74632, 1.92692, -4.99904)

[node name="Torch5" parent="MeadHall/Lights" instance=ExtResource("6_1f1vy")]
transform = Transform3D(0.0123739, 0, -0.999924, 0, 1, 0, 0.999924, 0, 0.0123739, 2.74921, 1.92692, -17.0163)

[node name="Torch11" parent="MeadHall/Lights" instance=ExtResource("6_1f1vy")]
transform = Transform3D(-0.00467738, 0, 0.999989, 0, 1, 0, -0.999989, 0, -0.00467738, 9.96813, 1.3159, -18.5164)

[node name="Torch12" parent="MeadHall/Lights" instance=ExtResource("6_1f1vy")]
transform = Transform3D(-0.00467738, 0, 0.999989, 0, 1, 0, -0.999989, 0, -0.00467738, 10.0003, 2.26643, -11.9881)

[node name="Torch13" parent="MeadHall/Lights" instance=ExtResource("6_1f1vy")]
transform = Transform3D(0.0162135, 0, 0.999868, 0, 1, 0, -0.999868, 0, 0.0162135, 9.98796, 1.65257, -4.46275)

[node name="Torch14" parent="MeadHall/Lights" instance=ExtResource("6_1f1vy")]
transform = Transform3D(0.00240846, 0, -0.999996, 0, 1, 0, 0.999996, 0, 0.00240846, -9.99302, 1.65257, -4.48792)

[node name="Torch15" parent="MeadHall/Lights" instance=ExtResource("6_1f1vy")]
transform = Transform3D(-0.00401434, 0, -0.999992, 0, 1, 0, 0.999992, 0, -0.00401434, -10.0271, 2.43647, -12.0023)

[node name="Torch16" parent="MeadHall/Lights" instance=ExtResource("6_1f1vy")]
transform = Transform3D(-0.0260375, 0, -0.999661, 0, 1, 0, 0.999661, 0, -0.0260375, -10.111, 1.42606, -18.4902)

[node name="Torch6" parent="MeadHall/Lights" instance=ExtResource("6_1f1vy")]
transform = Transform3D(0.00659774, 0, 0.999979, 0, 1, 0, -0.999979, 0, 0.00659774, -2.75448, 1.92692, -7.99767)

[node name="Torch7" parent="MeadHall/Lights" instance=ExtResource("6_1f1vy")]
transform = Transform3D(-0.00745244, 0, 0.999972, 0, 1, 0, -0.999972, 0, -0.00745244, -2.7345, 1.92692, -11.009)

[node name="Torch8" parent="MeadHall/Lights" instance=ExtResource("6_1f1vy")]
transform = Transform3D(-0.00745244, 0, 0.999972, 0, 1, 0, -0.999972, 0, -0.00745244, -2.74635, 1.92692, -13.9694)

[node name="Torch9" parent="MeadHall/Lights" instance=ExtResource("6_1f1vy")]
transform = Transform3D(0.0314809, 0, 0.999505, 0, 1, 0, -0.999505, 0, 0.0314809, -2.75208, 1.92692, -16.993)

[node name="Torch10" parent="MeadHall/Lights" instance=ExtResource("6_1f1vy")]
transform = Transform3D(0.0486756, 0, 0.998815, 0, 1, 0, -0.998815, 0, 0.0486756, -2.75871, 1.92692, -4.9969)

[node name="Doors" type="Node3D" parent="MeadHall"]

[node name="BigWoodenDoor" parent="MeadHall/Doors" instance=ExtResource("7_jhy7w")]
openedState = true
transformClosed = Transform3D(-0.999775, 0, -0.0212392, 0, 1, 0, 0.0212392, 0, -0.999775, -1.51797, 0.0264282, -0.0368958)
relativeTransformOpened = Transform3D(-0.765844, 0, -0.64303, 0, 1, 0, 0.64303, 0, -0.765844, -1.00136e-05, 0, -2.08616e-07)
transform = Transform3D(0.752013, 0, 0.65915, 0, 1, 0, -0.65915, 0, 0.752013, -1.51796, 0.0264282, -0.0368958)

[node name="BigWoodenDoor2" parent="MeadHall/Doors" instance=ExtResource("7_jhy7w")]
openedState = true
transformClosed = Transform3D(0.998918, 0, -0.0465312, 0, 1, 0, 0.0465312, 0, 0.998918, 1.47105, 0.0264282, -0.0038681)
relativeTransformOpened = Transform3D(-0.816383, 0, 0.577518, 0, 1, 0, -0.577518, 0, -0.816383, -1.00136e-05, 0, 4.61936e-07)
transform = Transform3D(-0.788625, 0, 0.614879, 0, 1, 0, -0.614879, 0, -0.788625, 1.47104, 0.0264282, -0.0038681)

[node name="SmallWoodenDoor" parent="MeadHall/Doors" instance=ExtResource("8_t7u7h")]
transformClosed = Transform3D(-0.999665, 0, 0.0259326, 0, 1, 0, -0.0259326, 0, -0.999665, 5.01353, -0.00439358, -23.0472)
relativeTransformOpened = Transform3D(0.0892774, 0, 0.996015, 0, 1, 0, -0.996015, 0, 0.0892774, 7.62939e-06, 0, 0)
transform = Transform3D(-0.999665, 0, 0.0259326, 0, 1, 0, -0.0259326, 0, -0.999665, 5.01353, -0.00439358, -23.0472)

[node name="SmallWoodenDoor2" parent="MeadHall/Doors" instance=ExtResource("8_t7u7h")]
transformClosed = Transform3D(0.999987, 0, -0.0053581, 0, 1, 0, 0.0053581, 0, 0.999987, 7.00591, -0.00439358, -22.9926)
relativeTransformOpened = Transform3D(0.0248337, 0, -0.999697, 0, 1, 0, 0.999697, 0, 0.0248337, 4.76837e-07, 0, 1.52588e-05)
transform = Transform3D(0.999987, 0, -0.0053581, 0, 1, 0, 0.0053581, 0, 0.999987, 7.00591, -0.00439358, -22.9926)

[node name="SmallWoodenDoor3" parent="MeadHall/Doors" instance=ExtResource("8_t7u7h")]
openedState = true
transformClosed = Transform3D(0.00488673, 0, 0.99999, 0, 1, 0, -0.99999, 0, 0.00488673, 9.0113, -0.00439358, -20.9933)
relativeTransformOpened = Transform3D(0.113083, 0, 0.993593, 0, 1, 0, -0.993593, 0, 0.113083, 0, 0, 0)
transform = Transform3D(-0.993027, 0, 0.117937, 0, 1, 0, -0.117937, 0, -0.993027, 9.0113, -0.00439358, -20.9933)

[node name="SmallWoodenDoor4" parent="MeadHall/Doors" instance=ExtResource("8_t7u7h")]
openedState = true
transformClosed = Transform3D(0.0428871, 0, -0.999082, 0, 1, 0, 0.999082, 0, 0.0428871, 8.99926, -0.00439358, -19.0406)
relativeTransformOpened = Transform3D(-0.0094423, 0, -0.999969, 0, 1, 0, 0.999969, 0, -0.0094423, 0, 0, 0)
transform = Transform3D(-0.999452, 0, -0.033452, 0, 1, 0, 0.033452, 0, -0.999452, 8.99926, -0.00439358, -19.0406)

[node name="SmallWoodenDoor5" parent="MeadHall/Doors" instance=ExtResource("8_t7u7h")]
transformClosed = Transform3D(0.00488673, 0, 0.99999, 0, 1, 0, -0.99999, 0, 0.00488673, 9.02583, -0.00439358, -3.99285)
relativeTransformOpened = Transform3D(0.142578, 0, 0.989788, 0, 1, 0, -0.989788, 0, 0.142578, -1.43051e-05, 2.32831e-09, -1.62125e-05)
transform = Transform3D(0.00488673, 0, 0.99999, 0, 1, 0, -0.99999, 0, 0.00488673, 9.02583, -0.00439358, -3.99285)

[node name="SmallWoodenDoor6" parent="MeadHall/Doors" instance=ExtResource("8_t7u7h")]
transformClosed = Transform3D(0.0156898, 0, -0.999879, 0, 1, 0, 0.999879, 0, 0.0156898, 9.01649, -0.00439358, -2.01868)
relativeTransformOpened = Transform3D(-0.0508025, 0, -0.998717, 0, 1, 0, 0.998717, 0, -0.0508025, 3.45707e-06, 2.32831e-09, -9.53674e-07)
transform = Transform3D(0.0156898, 0, -0.999879, 0, 1, 0, 0.999879, 0, 0.0156898, 9.01649, -0.00439358, -2.01868)

[node name="SmallWoodenDoor7" parent="MeadHall/Doors" instance=ExtResource("8_t7u7h")]
transformClosed = Transform3D(0.00261807, 0, -0.999998, 0, 1, 0, 0.999998, 0, 0.00261807, -9.03084, -0.00439358, -2.03342)
relativeTransformOpened = Transform3D(0.0715499, 0, 0.99744, 0, 1, 0, -0.99744, 0, 0.0715499, -1.21593e-05, 2.32831e-09, 5.72205e-06)
transform = Transform3D(0.00261807, 0, -0.999998, 0, 1, 0, 0.999998, 0, 0.00261807, -9.03084, -0.00439358, -2.03342)

[node name="SmallWoodenDoor8" parent="MeadHall/Doors" instance=ExtResource("8_t7u7h")]
transformClosed = Transform3D(-0.0231931, 0, 0.999734, 0, 1, 0, -0.999734, 0, -0.0231931, -9.03635, -0.00439358, -4.00761)
relativeTransformOpened = Transform3D(0.0490244, 0, -0.998804, 0, 1, 0, 0.998804, 0, 0.0490244, 1.19209e-05, 2.32831e-09, 0)
transform = Transform3D(-0.0231931, 0, 0.999734, 0, 1, 0, -0.999734, 0, -0.0231931, -9.03635, -0.00439358, -4.00761)

[node name="SmallWoodenDoor9" parent="MeadHall/Doors" instance=ExtResource("8_t7u7h")]
transformClosed = Transform3D(-0.00565481, 0, -0.999986, 0, 1, 0, 0.999986, 0, -0.00565481, -9.02048, -0.00439358, -19.0113)
relativeTransformOpened = Transform3D(-0.0021817, 0, 1, 0, 1, 0, -1, 0, -0.0021817, -1.52588e-05, 0, 0)
transform = Transform3D(-0.00565481, 0, -0.999986, 0, 1, 0, 0.999986, 0, -0.00565481, -9.02048, -0.00439358, -19.0113)

[node name="SmallWoodenDoor10" parent="MeadHall/Doors" instance=ExtResource("8_t7u7h")]
transformClosed = Transform3D(-0.0149217, 0, 0.999892, 0, 1, 0, -0.999892, 0, -0.0149217, -9.00974, -0.00439358, -20.9855)
relativeTransformOpened = Transform3D(-0.0150792, 0, -0.999893, 0, 1, 0, 0.999893, 0, -0.0150792, 3.8147e-06, 2.32831e-09, -6.67572e-06)
transform = Transform3D(-0.0149217, 0, 0.999892, 0, 1, 0, -0.999892, 0, -0.0149217, -9.00974, -0.00439358, -20.9855)

[node name="SmallWoodenDoor11" parent="MeadHall/Doors" instance=ExtResource("8_t7u7h")]
openedState = true
transformClosed = Transform3D(0.99994, 0, 0.0112746, 0, 1, 0, -0.0112746, 0, 0.99994, -14.0105, -0.00439358, -16.0338)
relativeTransformOpened = Transform3D(-0.0126011, 0, -0.999935, 0, 1, 0, 0.999935, 0, -0.0126011, 0, 0, 0)
transform = Transform3D(-0.00132649, 0, -1.00001, 0, 1, 0, 1.00001, 0, -0.00132649, -14.0105, -0.00439358, -16.0338)

[node name="SmallWoodenDoor12" parent="MeadHall/Doors" instance=ExtResource("8_t7u7h")]
transformClosed = Transform3D(0.999975, 0, 0.0125838, 0, 1, 0, -0.0125838, 0, 0.999975, -13.9895, -0.00439358, -7.97983)
relativeTransformOpened = Transform3D(0.0169133, 0, 0.999965, 0, 1, 0, -0.999965, 0, 0.0169133, 0, 0, 0)
transform = Transform3D(0.999975, 0, 0.0125838, 0, 1, 0, -0.0125838, 0, 0.999975, -13.9895, -0.00439358, -7.97983)

[node name="SmallWoodenDoor13" parent="MeadHall/Doors" instance=ExtResource("8_t7u7h")]
openedState = true
transformClosed = Transform3D(0.999872, 0, -0.0198796, 0, 1, 0, 0.0198796, 0, 0.999872, 14.957, -0.00439358, -16.0231)
relativeTransformOpened = Transform3D(0.00431218, 0, -1.00027, 0, 1, 0, 1.00027, 0, 0.00431218, 0, 0, 0)
transform = Transform3D(-0.0155712, 0, -1.00009, 0, 1, 0, 1.00009, 0, -0.0155712, 14.957, -0.00439358, -16.0231)

[node name="SmallWoodenDoor14" parent="MeadHall/Doors" instance=ExtResource("8_t7u7h")]
transformClosed = Transform3D(0.99994, 0, 0.0112746, 0, 1, 0, -0.0112746, 0, 0.99994, 14.9766, -0.00439358, -7.96024)
relativeTransformOpened = Transform3D(0.0644283, 0, 0.99793, 0, 1, 0, -0.99793, 0, 0.0644283, -2.86102e-06, 2.32831e-09, -3.33786e-06)
transform = Transform3D(0.99994, 0, 0.0112746, 0, 1, 0, -0.0112746, 0, 0.99994, 14.9766, -0.00439358, -7.96024)

[node name="BigStonePillar4" parent="MeadHall" instance=ExtResource("9_yxgao")]
transform = Transform3D(1.86946e-07, -0.979513, -8.56817e-08, -4.27682, -4.28159e-08, 0, -1.37668e-14, 8.56817e-08, -0.999999, 7.98458, -0.467399, -24.3565)

[node name="Storage" type="Node3D" parent="MeadHall"]

[node name="Crate" parent="MeadHall/Storage" instance=ExtResource("11_8r3wt")]
transform = Transform3D(-0.0359285, 0, -0.999355, 0, 1, 0, 0.999355, 0, -0.0359285, 10.5882, 0.0322647, -12.4703)

[node name="Crate2" parent="MeadHall/Storage" instance=ExtResource("11_8r3wt")]
transform = Transform3D(-0.0359285, 0.99934, -0.0053024, -3.35276e-08, 0.00530582, 0.999987, 0.999355, 0.035928, -0.000190604, 9.99169, 0.496027, -13.5003)

[node name="Crate3" parent="MeadHall/Storage" instance=ExtResource("11_8r3wt")]
transform = Transform3D(-0.0359285, 0, -0.999355, 0, 1, 0, 0.999355, 0, -0.0359285, 10.621, -0.00417948, -14.505)

[node name="Crate4" parent="MeadHall/Storage" instance=ExtResource("11_8r3wt")]
transform = Transform3D(-0.0359285, 0, -0.999355, 0, 1, 0, 0.999355, 0, -0.0359285, 10.6305, 0.966848, -14.5074)

[node name="Crate5" parent="MeadHall/Storage" instance=ExtResource("11_8r3wt")]
transform = Transform3D(-0.0359285, 0, -0.999355, 0, 1, 0, 0.999355, 0, -0.0359285, 10.6146, 1.01335, -13.4531)

[node name="TubFullMead" parent="MeadHall/Storage" instance=ExtResource("15_we75s")]
transform = Transform3D(-0.0359285, 0, -0.999355, 0, 1, 0, 0.999355, 0, -0.0359285, -10.9455, -0.00425768, -9.02439)

[node name="TubFullWine" parent="MeadHall/Storage" instance=ExtResource("16_7rud5")]
transform = Transform3D(-0.0359285, 0, -0.999355, 0, 1, 0, 0.999355, 0, -0.0359285, -10.8858, -0.0147884, -10.8901)

[node name="Crate6" parent="MeadHall/Storage" instance=ExtResource("11_8r3wt")]
transform = Transform3D(-0.0359285, 0, -0.999355, 0, 1, 0, 0.999355, 0, -0.0359285, -10.5777, 0.002491, -22.4043)

[node name="Crate7" parent="MeadHall/Storage" instance=ExtResource("11_8r3wt")]
transform = Transform3D(-0.0359285, -0.999347, 0.00381978, 3.35276e-08, -0.00382224, -0.999993, 0.999355, -0.0359282, 0.000137354, -11.1066, 0.506304, -22.4175)

[node name="Barrels" type="Node3D" parent="MeadHall/Storage"]
script = ExtResource("17_qboi0")

[node name="BarrelClosed" parent="MeadHall/Storage/Barrels" instance=ExtResource("12_6221j")]
transform = Transform3D(-0.464796, 0, -0.885418, 0, 1, 0, 0.885418, 0, -0.464796, 10.2402, 0.00303411, -15.754)

[node name="BarrelClosed2" parent="MeadHall/Storage/Barrels" instance=ExtResource("12_6221j")]
transform = Transform3D(0.910288, 0, -0.413976, 0, 1, 0, 0.413976, 0, 0.910288, 10.5562, 0.00303411, -15.2766)

[node name="BarrelClosed3" parent="MeadHall/Storage/Barrels" instance=ExtResource("12_6221j")]
transform = Transform3D(-0.425443, 0, 0.904986, 0, 1, 0, -0.904986, 0, -0.425443, 10.9199, -0.0156002, -15.6928)

[node name="BarrelClosed4" parent="MeadHall/Storage/Barrels" instance=ExtResource("12_6221j")]
transform = Transform3D(-0.565957, 0, 0.824436, 0, 1, 0, -0.824436, 0, -0.565957, 11.2675, -0.00791717, -15.284)

[node name="BarrelClosed5" parent="MeadHall/Storage/Barrels" instance=ExtResource("12_6221j")]
transform = Transform3D(-0.378764, 0, 0.925494, 0, 1, 0, -0.925494, 0, -0.378764, 11.6225, 0.0015285, -15.6882)

[node name="BarrelClosed6" parent="MeadHall/Storage/Barrels" instance=ExtResource("12_6221j")]
transform = Transform3D(0.613004, 0, -0.79008, 0, 1, 0, 0.79008, 0, 0.613004, 12.0326, 0.015353, -15.2903)

[node name="BarrelClosed7" parent="MeadHall/Storage/Barrels" instance=ExtResource("12_6221j")]
transform = Transform3D(-0.3908, 0, -0.920476, 0, 1, 0, 0.920476, 0, -0.3908, 12.4202, 0.014771, -15.6722)

[node name="BarrelClosed8" parent="MeadHall/Storage/Barrels" instance=ExtResource("12_6221j")]
transform = Transform3D(-0.466789, 0, -0.88437, 0, 1, 0, 0.88437, 0, -0.466789, 12.8181, 0.0141361, -15.287)

[node name="BarrelClosed9" parent="MeadHall/Storage/Barrels" instance=ExtResource("12_6221j")]
transform = Transform3D(0.522976, 0, 0.852348, 0, 1, 0, -0.852348, 0, 0.522976, 13.2374, 0.0150676, -15.6458)

[node name="BarrelClosed10" parent="MeadHall/Storage/Barrels" instance=ExtResource("12_6221j")]
transform = Transform3D(-0.437716, 0, -0.899114, 0, 1, 0, 0.899114, 0, -0.437716, 10.2421, 0.670534, -15.7602)

[node name="BarrelClosed11" parent="MeadHall/Storage/Barrels" instance=ExtResource("12_6221j")]
transform = Transform3D(0.245256, 0, -0.969459, 0, 1, 0, 0.969459, 0, 0.245256, 10.5149, 0.670534, -15.3019)

[node name="BarrelClosed12" parent="MeadHall/Storage/Barrels" instance=ExtResource("12_6221j")]
transform = Transform3D(0.507956, 0, 0.861384, 0, 1, 0, -0.861384, 0, 0.507956, 10.9226, 0.6519, -15.7014)

[node name="BarrelClosed13" parent="MeadHall/Storage/Barrels" instance=ExtResource("12_6221j")]
transform = Transform3D(-0.967372, 0, -0.253365, 0, 1, 0, 0.253365, 0, -0.967372, 11.6212, 0.669029, -15.7038)

[node name="BarrelClosed14" parent="MeadHall/Storage/Barrels" instance=ExtResource("12_6221j")]
transform = Transform3D(-0.932742, 0, -0.360547, 0, 1, 0, 0.360547, 0, -0.932742, 11.2561, 0.659583, -15.3046)

[node name="BarrelClosed15" parent="MeadHall/Storage/Barrels" instance=ExtResource("12_6221j")]
transform = Transform3D(0.638344, 0, -0.769752, 0, 1, 0, 0.769752, 0, 0.638344, 12.4048, 0.682271, -15.6872)

[node name="BarrelClosed16" parent="MeadHall/Storage/Barrels" instance=ExtResource("12_6221j")]
transform = Transform3D(0.998314, 0, 0.0580492, 0, 1, 0, -0.0580492, 0, 0.998314, 12.0147, 0.682853, -15.3092)

[node name="BarrelClosed17" parent="MeadHall/Storage/Barrels" instance=ExtResource("12_6221j")]
transform = Transform3D(0.882119, 0, -0.471029, 0, 1, 0, 0.471029, 0, 0.882119, 10.2109, 1.33803, -15.7666)

[node name="BarrelClosed18" parent="MeadHall/Storage/Barrels" instance=ExtResource("12_6221j")]
transform = Transform3D(-0.490064, 0, -0.871687, 0, 1, 0, 0.871687, 0, -0.490064, 10.9163, 1.3194, -15.7299)

[node name="BarrelClosed19" parent="MeadHall/Storage/Barrels" instance=ExtResource("12_6221j")]
transform = Transform3D(0.993675, 0, 0.112295, 0, 1, 0, -0.112295, 0, 0.993675, 10.4994, 1.33803, -15.2957)

[node name="BarrelEmpty" parent="MeadHall/Storage/Barrels" instance=ExtResource("13_a81pq")]
transform = Transform3D(0.999987, 0, -0.00516732, 0, 1, 0, 0.00516732, 0, 0.999987, 11.4048, 0.0157731, -13.1506)

[node name="BarrelEmpty2" parent="MeadHall/Storage/Barrels" instance=ExtResource("13_a81pq")]
transform = Transform3D(0.994564, 0, -0.104129, 0, 1, 0, 0.104129, 0, 0.994564, 11.3474, 0.00843477, -12.5596)

[node name="BarrelClosedDarker" parent="MeadHall/Storage/Barrels" instance=ExtResource("14_lo3bd")]
transform = Transform3D(-0.279058, 0, -0.960275, 0, 1, 0, 0.960275, 0, -0.279058, 11.6528, 0.00614953, -14.8641)

[node name="BarrelClosedDarker2" parent="MeadHall/Storage/Barrels" instance=ExtResource("14_lo3bd")]
transform = Transform3D(-0.262218, 0, -0.965009, 0, 1, 0, 0.965009, 0, -0.262218, 12.4036, 0.0147421, -14.9516)

[node name="BarrelClosed20" parent="MeadHall/Storage/Barrels" instance=ExtResource("12_6221j")]
transform = Transform3D(0.700179, 0, -0.713968, 0, 1, 0, 0.713968, 0, 0.700179, 11.5639, 1.33653, -15.7452)

[node name="BarrelClosed21" parent="MeadHall/Storage/Barrels" instance=ExtResource("12_6221j")]
transform = Transform3D(0.490911, 0, 0.87121, 0, 1, 0, -0.87121, 0, 0.490911, 11.2557, 1.32708, -15.3212)

[node name="BarrelClosed22" parent="MeadHall/Storage/Barrels" instance=ExtResource("12_6221j")]
transform = Transform3D(0.669953, 0, 0.742405, 0, 1, 0, -0.742405, 0, 0.669953, 10.4824, 2.00553, -15.2974)

[node name="BarrelClosed23" parent="MeadHall/Storage/Barrels" instance=ExtResource("12_6221j")]
transform = Transform3D(-0.0228274, 0, -0.99974, 0, 1, 0, 0.99974, 0, -0.0228274, 11.6196, 0.67365, -14.8772)

[node name="BarrelClosed24" parent="MeadHall/Storage/Barrels" instance=ExtResource("12_6221j")]
transform = Transform3D(-0.320455, 0, -0.947264, 0, 1, 0, 0.947264, 0, -0.320455, 11.3474, -0.00327253, -14.4109)

[node name="BarrelClosed25" parent="MeadHall/Storage/Barrels" instance=ExtResource("12_6221j")]
transform = Transform3D(0.220775, 0, -0.975325, 0, 1, 0, 0.975325, 0, 0.220775, 11.3388, 0.664227, -14.4345)

[node name="BarrelClosed26" parent="MeadHall/Storage/Barrels" instance=ExtResource("12_6221j")]
transform = Transform3D(-0.719905, 0, 0.694073, 0, 1, 0, -0.694073, 0, -0.719905, 11.9755, 0.0106921, -14.5732)

[node name="BarrelClosed27" parent="MeadHall/Storage/Barrels" instance=ExtResource("12_6221j")]
transform = Transform3D(0.6786, -0.0359268, 0.733629, 0.734273, 0.00785314, -0.67881, 0.0186261, 0.999326, 0.0317091, -12.3978, 0.231938, -22.938)

[node name="BarrelClosedDarker3" parent="MeadHall/Storage/Barrels" instance=ExtResource("14_lo3bd")]
transform = Transform3D(-0.873525, -0.0359226, 0.485452, 0.485143, 0.0174865, 0.87426, -0.0398945, 0.999203, 0.00215275, -12.9184, 0.226419, -22.9526)

[node name="BarrelClosed28" parent="MeadHall/Storage/Barrels" instance=ExtResource("12_6221j")]
transform = Transform3D(0.998793, -0.0359279, -0.0335135, -0.0332517, 0.00785347, -0.999416, 0.0361701, 0.999326, 0.00664931, -13.5033, 0.231938, -22.9682)

[node name="BarrelClosedDarker4" parent="MeadHall/Storage/Barrels" instance=ExtResource("14_lo3bd")]
transform = Transform3D(-0.572656, -0.0359232, -0.81901, -0.819773, 0.0174865, 0.572423, -0.00624166, 0.999205, -0.0394625, -14.0548, 0.226419, -22.9603)

[node name="BarrelClosed29" parent="MeadHall/Storage/Barrels" instance=ExtResource("12_6221j")]
transform = Transform3D(0.382679, -0.0359283, 0.923183, 0.92386, 0.00785177, -0.382653, 0.00649945, 0.999327, 0.0361973, -14.6485, 0.231938, -22.9716)

[node name="BarrelClosedDarker5" parent="MeadHall/Storage/Barrels" instance=ExtResource("14_lo3bd")]
transform = Transform3D(0.995627, -0.0359235, -0.0862559, -0.0856722, 0.0174862, -0.99617, 0.0372941, 0.999204, 0.0143321, -15.1695, 0.226419, -22.9765)

[node name="BarrelClosedDarker6" parent="MeadHall/Storage/Barrels" instance=ExtResource("14_lo3bd")]
transform = Transform3D(-0.75017, -0.0359225, -0.66027, -0.661067, 0.0174867, 0.750124, -0.0154003, 0.999204, -0.0368652, -15.6999, 0.226419, -22.9673)

[node name="BarrelClosedDarker7" parent="MeadHall/Storage/Barrels" instance=ExtResource("14_lo3bd")]
transform = Transform3D(0.232961, -0.035923, 0.971823, 0.972448, 0.0174867, -0.232465, -0.00864312, 0.999204, 0.039007, -12.6039, 0.702687, -22.9413)

[node name="BarrelClosed30" parent="MeadHall/Storage/Barrels" instance=ExtResource("12_6221j")]
transform = Transform3D(-0.675589, -0.0359274, -0.736403, -0.737047, 0.00785257, 0.675797, -0.0184969, 0.999327, -0.0317853, -13.1888, 0.708206, -22.9569)

[node name="BarrelClosedDarker8" parent="MeadHall/Storage/Barrels" instance=ExtResource("14_lo3bd")]
transform = Transform3D(-0.882311, -0.035923, -0.469294, -0.47008, 0.0174856, 0.882452, -0.0234943, 0.999205, -0.0323143, -13.7403, 0.702687, -22.949)

[node name="BarrelClosed31" parent="MeadHall/Storage/Barrels" instance=ExtResource("12_6221j")]
transform = Transform3D(0.804589, -0.0359266, -0.592744, -0.592881, 0.00785324, -0.805252, 0.0335849, 0.999326, -0.0149816, -14.334, 0.708206, -22.9603)

[node name="BarrelClosedDarker9" parent="MeadHall/Storage/Barrels" instance=ExtResource("14_lo3bd")]
transform = Transform3D(0.85731, -0.0359225, 0.513545, 0.514338, 0.0174859, -0.857411, 0.0218204, 0.999204, 0.033467, -14.855, 0.702687, -22.9652)

[node name="BarrelClosedDarker10" parent="MeadHall/Storage/Barrels" instance=ExtResource("14_lo3bd")]
transform = Transform3D(-0.170345, -0.0359236, -0.98473, -0.985323, 0.017486, 0.16981, 0.0111188, 0.999204, -0.038375, -15.3854, 0.702687, -22.956)

[node name="BarrelClosedDarker11" parent="MeadHall/Storage/Barrels" instance=ExtResource("14_lo3bd")]
transform = Transform3D(0.978105, -0.0359229, -0.204987, -0.204473, 0.0174873, -0.978717, 0.038743, 0.999203, 0.0097591, -12.8562, 1.20712, -22.9504)

[node name="BarrelClosed32" parent="MeadHall/Storage/Barrels" instance=ExtResource("12_6221j")]
transform = Transform3D(0.883947, -0.0359271, -0.466207, -0.466244, 0.00785363, -0.884621, 0.0354433, 0.999326, -0.00980856, -13.4411, 1.21264, -22.966)

[node name="BarrelClosedDarker12" parent="MeadHall/Storage/Barrels" instance=ExtResource("14_lo3bd")]
transform = Transform3D(0.693029, -0.035923, 0.720015, 0.720806, 0.017487, -0.692917, 0.0123007, 0.999203, 0.0380124, -13.9926, 1.20712, -22.9581)

[node name="BarrelClosed33" parent="MeadHall/Storage/Barrels" instance=ExtResource("12_6221j")]
transform = Transform3D(0.254317, -0.0359278, -0.966454, -0.966976, 0.0078536, -0.254747, 0.0167426, 0.999325, -0.0327441, -14.5863, 1.21264, -22.9694)

[node name="BarrelClosedDarker13" parent="MeadHall/Storage/Barrels" instance=ExtResource("14_lo3bd")]
transform = Transform3D(-0.994797, -0.035923, -0.0953361, -0.0960094, 0.0174864, 0.995228, -0.0340845, 0.999204, -0.0208443, -15.1073, 1.20712, -22.9742)

[node name="BarrelClosedDarker14" parent="MeadHall/Storage/Barrels" instance=ExtResource("14_lo3bd")]
transform = Transform3D(0.999297, -0.0359235, -0.0107109, -0.0100886, 0.0174858, -0.999797, 0.0361034, 0.999204, 0.0171112, -15.6377, 1.20712, -22.965)

[node name="BarrelClosed34" parent="MeadHall/Storage/Barrels" instance=ExtResource("12_6221j")]
transform = Transform3D(0.661886, -0.0359279, 0.748743, 0.749391, 0.00785301, -0.662082, 0.0179073, 0.999327, 0.0321217, -13.1624, 1.72634, -22.956)

[node name="BarrelClosedDarker15" parent="MeadHall/Storage/Barrels" instance=ExtResource("14_lo3bd")]
transform = Transform3D(-0.553552, -0.0359223, 0.83204, 0.832101, 0.0174877, 0.554347, -0.0344639, 0.999203, 0.0202106, -13.7139, 1.72082, -22.9481)

[node name="BarrelClosed35" parent="MeadHall/Storage/Barrels" instance=ExtResource("12_6221j")]
transform = Transform3D(-0.442067, -0.0359272, 0.896264, 0.896689, 0.00785312, 0.442592, -0.0229396, 0.999326, 0.0287439, -14.3077, 1.72634, -22.9594)

[node name="BarrelClosedDarker16" parent="MeadHall/Storage/Barrels" instance=ExtResource("14_lo3bd")]
transform = Transform3D(0.127655, -0.035923, -0.991169, -0.991576, 0.0174871, -0.128341, 0.021943, 0.999202, -0.0333881, -14.8286, 1.72082, -22.9642)

[node name="BarrelClosedDarker17" parent="MeadHall/Storage/Barrels" instance=ExtResource("14_lo3bd")]
transform = Transform3D(0.281433, -0.0359229, -0.958909, -0.959205, 0.0174866, -0.282175, 0.0269046, 0.999203, -0.0295361, -15.359, 1.72082, -22.955)

[node name="BarrelClosedDarker18" parent="MeadHall/Storage/Barrels" instance=ExtResource("14_lo3bd")]
transform = Transform3D(-0.963377, -0.0359226, -0.265738, -0.266475, 0.0174862, 0.963684, -0.0299712, 0.999203, -0.0264182, -13.98, 2.1734, -22.9576)

[node name="BarrelClosed36" parent="MeadHall/Storage/Barrels" instance=ExtResource("12_6221j")]
transform = Transform3D(0.107444, -0.0359276, -0.993562, -0.994143, 0.00785226, -0.107791, 0.0116743, 0.999326, -0.0348734, -14.5614, 2.23794, -22.9685)

[node name="BarrelClosedDarker19" parent="MeadHall/Storage/Barrels" instance=ExtResource("14_lo3bd")]
transform = Transform3D(0.997239, -0.0359237, -0.0650031, -0.064407, 0.0174866, -0.997772, 0.0369801, 0.999203, 0.0151245, -15.082, 2.23427, -22.9733)

[node name="BarrelClosed37" parent="MeadHall/Storage/Barrels" instance=ExtResource("12_6221j")]
transform = Transform3D(-0.972838, 0, 0.231489, 0, 1, 0, -0.231489, 0, -0.972838, -10.3404, 0.00934482, -15.6984)

[node name="BarrelClosed38" parent="MeadHall/Storage/Barrels" instance=ExtResource("12_6221j")]
transform = Transform3D(0.754298, 0, 0.656533, 0, 1, 0, -0.656533, 0, 0.754298, -10.8934, -0.00452805, -15.6321)

[node name="BarrelClosed39" parent="MeadHall/Storage/Barrels" instance=ExtResource("12_6221j")]
transform = Transform3D(-0.98232, 0, -0.187214, 0, 1, 0, 0.187214, 0, -0.98232, -10.3976, -0.00186872, -15.153)

[node name="BarrelClosed40" parent="MeadHall/Storage/Barrels" instance=ExtResource("12_6221j")]
transform = Transform3D(-0.96158, 0, -0.274526, 0, 1, 0, 0.274526, 0, -0.96158, -10.912, 0.00402236, -15.1207)

[node name="BarrelClosed41" parent="MeadHall/Storage/Barrels" instance=ExtResource("12_6221j")]
transform = Transform3D(-0.945649, 0, -0.325192, 0, 1, 0, 0.325192, 0, -0.945649, -11.4001, -0.0138226, -15.6577)

[node name="BarrelClosed42" parent="MeadHall/Storage/Barrels" instance=ExtResource("12_6221j")]
transform = Transform3D(0.643122, 0, -0.765765, 0, 1, 0, 0.765765, 0, 0.643122, -10.3693, -0.0131018, -14.6294)

[node name="BarrelClosed43" parent="MeadHall/Storage/Barrels" instance=ExtResource("12_6221j")]
transform = Transform3D(0.2831, 0, 0.959091, 0, 1, 0, -0.959091, 0, 0.2831, -10.4007, 0.676845, -15.6862)

[node name="BarrelClosed44" parent="MeadHall/Storage/Barrels" instance=ExtResource("12_6221j")]
transform = Transform3D(0.98624, 0, -0.165323, 0, 1, 0, 0.165323, 0, 0.98624, -10.9191, 0.662972, -15.6583)

